0 0 0 0 0 0 0 0 0 0 0 0 0 0 0 0 0 0
0 0 0 0 0 0 0 0 0 0 0 0 0 0 0 0 0 0
0 0 1 1 1 1 1 1 1 1 1 7 4 4 4 7 0 0
0 0 7 2 7 2 7 2 7 0 0 0 0 0 0 7 0 0
0 0 7 0 0 0 0 0 7 0 0 0 0 0 0 7 0 0
0 0 3 0 0 0 0 0 7 0 0 0 0 0 0 1 0 0
0 0 3 0 0 7 0 0 7 0 0 0 0 0 0 1 0 0
0 0 3 0 0 7 0 0 7 0 0 0 0 0 0 7 0 0
0 0 1 0 0 7 0 0 7 0 0 0 0 0 0 7 0 0
0 0 1 0 0 1 0 0 1 0 0 1 1 6 0 1 0 0
0 0 1 0 0 0 0 0 0 0 0 1 0 0 0 1 0 0
0 0 1 1 1 1 1 1 1 1 1 1 1 1 1 1 0 0
0 0 0 0 0 0 0 0 0 0 0 0 0 0 0 0 0 0
0 0 0 0 0 0 0 0 0 0 0 0 0 0 0 0 0 0